00300002     	300701	7	Group 7 - FII	13	Standard	.00	87.34	.00	.00	.00	.00	87.34	5.24	87.34	87.34	USD   
00300002     	300701	8	Group 8 - NAC	15	Standard Marketing Fund	.00	87.34	.00	.00	.00	.00	87.34	1.75	87.34	87.34	USD   
00350002     	171801	7	Group 7 - FII	17	Sales to Other FASTSIGNS	.00	793.88	.00	.00	.00	.00	793.88	.00	793.88	793.88	USD   
00350002     	171801	8	Group 8 - NAC	20	Sales to Other FASTSIGNS Marketing Fund	.00	793.88	.00	.00	.00	.00	793.88	.00	793.88	793.88	USD   
00450003     	61001	11	Group 11 - FII	17	Standard	294.00	65.00	25.00	.00	.00	27.94	334.00	20.04	334.00	386.94	USD   
00450003     	61001	11	Group 11 - FII	18	Exempt	294.00	65.00	25.00	.00	.00	27.94	25.00	.00	334.00	386.94	USD   
00450003     	61001	12	Group 12 - NAC	23	Standard Marketing Fund	294.00	65.00	25.00	.00	.00	27.94	334.00	6.68	334.00	386.94	USD   
00450003     	61001	12	Group 12 - NAC	24	Exempt	294.00	65.00	25.00	.00	.00	27.94	25.00	.00	334.00	386.94	USD   
00960002     	281801	7	Group 7 - FII	19	Standard	925.00	.00	.00	.00	170.00	92.50	925.00	55.50	1095.00	1017.50	USD   
00960002     	281801	8	Group 8 - NAC	21	Standard Marketing Fund	925.00	.00	.00	.00	170.00	92.50	925.00	18.50	1095.00	1017.50	USD   
01710002     	173201	7	Group 7 - FII	13	Standard	250.53	912.64	.00	.00	.00	17.54	1163.17	69.79	1163.17	1180.71	USD   
01710002     	173201	8	Group 8 - NAC	15	Standard Marketing Fund	250.53	912.64	.00	.00	.00	17.54	1163.17	23.26	1163.17	1180.71	USD   
01880002     	510401	7	Group 7 - FII	13	Standard	448.00	.00	.00	.00	.00	58.24	448.00	26.88	448.00	506.24	CAD   
01880002     	510401	8	Group 8 - NAC	15	Standard Marketing Fund	448.00	.00	.00	.00	.00	58.24	448.00	8.96	448.00	506.24	CAD   
01970002     	122101	7	Group 7 - FII	15	Standard	1766.68	.00	.00	.00	.00	117.04	1766.68	106.00	1766.68	1883.72	USD   
01970002     	122101	8	Group 8 - NAC	18	Standard Marketing Fund	1766.68	.00	.00	.00	.00	117.04	1766.68	35.33	1766.68	1883.72	USD   
02390002     	173101	7	Group 7 - FII	13	Standard	75.00	.00	.00	.00	.00	4.88	75.00	4.50	75.00	79.88	USD   
02390002     	173101	8	Group 8 - NAC	15	Standard Marketing Fund	75.00	.00	.00	.00	.00	4.88	75.00	1.50	75.00	79.88	USD   
02840002     	67401	7	Group 7 - FII	17	Standard	695.00	.00	.00	.00	.00	53.86	695.00	41.70	695.00	748.86	USD   
02840002     	67401	8	Group 8 - NAC	21	Standard Marketing Fund	695.00	.00	.00	.00	.00	53.86	695.00	13.90	695.00	748.86	USD   
02880002     	381001	7	Group 7 - FII	17	Standard	.00	2088.75	.00	.00	.00	.00	2088.75	125.33	2088.75	2088.75	USD   
02880002     	381001	8	Group 8 - NAC	21	Standard Marketing Fund	.00	2088.75	.00	.00	.00	.00	2088.75	41.78	2088.75	2088.75	USD   
03050002     	51701	7	Group 7 - FII	17	Standard	233.99	.00	.00	.00	.00	22.82	233.99	14.04	233.99	256.81	USD   
03050002     	51701	8	Group 8 - NAC	21	Standard Marketing Fund	233.99	.00	.00	.00	.00	22.82	233.99	4.68	233.99	256.81	USD   
03280002     	71301	7	Group 7 - FII	17	Standard	564.80	480.00	.00	.00	60.00	54.66	1044.80	62.69	1104.80	1099.46	USD   
03280002     	71301	8	Group 8 - NAC	21	Standard Marketing Fund	564.80	480.00	.00	.00	60.00	54.66	1044.80	20.90	1104.80	1099.46	USD   
03420002     	940101	7	Group 7 - FII	21	Standard	3709.50	.00	.00	.00	.00	185.48	3709.50	222.57	3709.50	3894.98	AED   
03420002     	940101	8	Group 8 - NAC	25	Standard Marketing Fund	3709.50	.00	.00	.00	.00	185.48	3709.50	.00	3709.50	3894.98	AED   
03420003     	940102	11	Group 11 - FII	19	Standard	5148.58	.00	.00	.00	884.56	257.43	5048.58	176.70	6033.14	5406.01	AED   
03420003     	940102	12	Group 12 - NAC	29	Standard Marketing Fund	5148.58	.00	.00	.00	884.56	257.43	5048.58	.00	6033.14	5406.01	AED   
03490002     	9204801	7	Group 7 - FII	13	Standard	317.87	.00	.00	.00	.00	63.57	317.87	22.25	317.87	381.44	GBP   
03490002     	9204801	8	Group 8 - NAC	15	Standard Marketing Fund	317.87	.00	.00	.00	.00	63.57	317.87	6.36	317.87	381.44	GBP   
03900002     	31601	7	Group 7 - FII	17	Standard	5692.52	1306.00	180.00	.00	.00	301.70	6818.52	409.11	6818.52	7300.22	USD   
03900002     	31601	7	Group 7 - FII	18	Exempt	5692.52	1306.00	180.00	.00	.00	301.70	180.00	.00	6818.52	7300.22	USD   
03900002     	31601	8	Group 8 - NAC	21	Standard Marketing Fund	5692.52	1306.00	180.00	.00	.00	301.70	6818.52	136.37	6818.52	7300.22	USD   
03900002     	31601	8	Group 8 - NAC	22	Exempt	5692.52	1306.00	180.00	.00	.00	301.70	180.00	.00	6818.52	7300.22	USD   
12040002     	161301	7	Group 7 - FII	17	Standard	42.00	.00	.00	.00	.00	3.27	42.00	1.26	42.00	45.27	USD   
12040002     	161301	8	Group 8 - NAC	21	Standard Marketing Fund	42.00	.00	.00	.00	.00	3.27	42.00	.42	42.00	45.27	USD   
12060002     	301301	7	Group 7 - FII	17	Standard	44.84	.00	.00	.00	.00	2.28	44.84	2.69	44.84	47.12	USD   
12060002     	301301	8	Group 8 - NAC	21	Standard Marketing Fund	44.84	.00	.00	.00	.00	2.28	44.84	.90	44.84	47.12	USD   
12070002     	122501	7	Group 7 - FII	17	Standard	3178.36	480.00	.00	.00	.00	210.57	3658.36	219.50	3658.36	3868.93	USD   
12070002     	122501	8	Group 8 - NAC	21	Standard Marketing Fund	3178.36	480.00	.00	.00	.00	210.57	3658.36	73.17	3658.36	3868.93	USD   
12850002     	 171401	7	Group 7 - FII	17	Standard	.00	1603.66	250.00	.00	.00	.00	1353.66	81.22	1353.66	1603.66	USD   
12850002     	 171401	7	Group 7 - FII	18	Exempt	.00	1603.66	250.00	.00	.00	.00	250.00	.00	1353.66	1603.66	USD   
12850002     	 171401	8	Group 8 - NAC	21	Standard Marketing Fund	.00	1603.66	250.00	.00	.00	.00	1353.66	27.07	1353.66	1603.66	USD   
12850002     	 171401	8	Group 8 - NAC	22	Exempt	.00	1603.66	250.00	.00	.00	.00	250.00	.00	1353.66	1603.66	USD   
13280002     	541001	7	Group 7 - FII	13	Standard	400.00	.00	.00	.00	.00	20.00	400.00	24.00	400.00	420.00	CAD   
13280002     	541001	8	Group 8 - NAC	15	Standard Marketing Fund	400.00	.00	.00	.00	.00	20.00	400.00	8.00	400.00	420.00	CAD   
17650002     	15401	7	Group 7 - FII	17	Standard	26.75	.00	.00	.00	.00	2.21	26.75	1.61	26.75	28.96	USD   
17650002     	15401	8	Group 8 - NAC	21	Standard Marketing Fund	26.75	.00	.00	.00	.00	2.21	26.75	.54	26.75	28.96	USD   
