00300002     	300701	7	Group 7 - FII	13	Standard	2108.52	.00	.00	.00	.00	107.54	474.32	28.46	2108.52	2216.06	USD   	20190528
00300002     	300701	8	Group 8 - NAC	15	Standard Marketing Fund	2108.52	.00	.00	.00	.00	107.54	474.32	9.49	2108.52	2216.06	USD   	20190528
00530002     	290702	7	Group 7 - FII	13	Standard	40.00	.00	.00	.00	.00	2.40	40.00	2.40	40.00	42.40	USD   	20190528
00530002     	290702	8	Group 8 - NAC	15	Standard Marketing Fund	40.00	.00	.00	.00	.00	2.40	40.00	.80	40.00	42.40	USD   	20190528
00600002     	530101	8	Group 8 - FII	15	Standard	7703.59	.00	145.00	.00	.00	924.44	7558.59	453.52	7558.59	8628.03	CAD   	20190528
00600002     	530101	8	Group 8 - FII	16	Exempt	6092.11	.00	145.00	.00	.00	731.06	145.00	.00	5947.11	6823.17	CAD   	20190528
00600002     	530101	9	Group 9 - NAC	18	Standard Marketing Fund	7703.59	.00	145.00	.00	.00	924.44	7558.59	151.17	7558.59	8628.03	CAD   	20190528
00600002     	530101	9	Group 9 - NAC	19	Exempt	6092.11	.00	145.00	.00	.00	731.06	145.00	.00	5947.11	6823.17	CAD   	20190528
00610002     	281701	7	Group 7 - FII	15	Standard	532.56	.00	87.00	.00	.00	53.77	445.56	26.73	445.56	586.33	USD   	20190528
00610002     	281701	7	Group 7 - FII	16	Exempt	532.56	.00	87.00	.00	.00	53.77	87.00	.00	445.56	586.33	USD   	20190528
00610002     	281701	8	Group 8 - NAC	18	Standard Marketing Fund	532.56	.00	87.00	.00	.00	53.77	445.56	8.91	445.56	586.33	USD   	20190528
00610002     	281701	8	Group 8 - NAC	19	Exempt	532.56	.00	87.00	.00	.00	53.77	87.00	.00	445.56	586.33	USD   	20190528
00970002     	512301	7	Group 7 - FII	13	Standard	1970.03	.00	.00	.00	.00	256.10	1970.03	118.20	1970.03	2226.13	CAD   	20190528
00970002     	512301	8	Group 8 - NAC	15	Standard Marketing Fund	1970.03	.00	.00	.00	.00	256.10	1970.03	39.40	1970.03	2226.13	CAD   	20190528
01210002     	16001	7	Group 7 - FII	15	Standard	166.50	.00	.00	.00	.00	13.74	166.50	9.99	166.50	180.24	USD   	20190528
01210002     	16001	8	Group 8 - NAC	18	Standard Marketing Fund	166.50	.00	.00	.00	.00	13.74	166.50	3.33	166.50	180.24	USD   	20190528
01270002     	400201	7	Group 7 - FII	13	Standard	1968.81	7614.59	.00	.00	.00	118.12	9583.40	575.00	9583.40	9701.52	USD   	20190528
01270002     	400201	8	Group 8 - NAC	15	Standard Marketing Fund	1968.81	7614.59	.00	.00	.00	118.12	9583.40	191.67	9583.40	9701.52	USD   	20190528
01310002     	222701	7	Group 7 - FII	13	Standard	.00	177.50	.00	.00	.00	.00	177.50	10.65	177.50	177.50	USD   	20190528
01310002     	222701	8	Group 8 - NAC	15	Standard Marketing Fund	.00	177.50	.00	.00	.00	.00	177.50	3.55	177.50	177.50	USD   	20190528
01410002     	440102	7	Group 7 - FII	31	Standard	2293.20	2347.50	.00	.00	.00	263.72	4583.20	252.08	4640.70	4904.42	USD   	20190528
01410002     	440102	8	Group 8 - NAC	37	Standard Marketing Fund	2293.20	2347.50	.00	.00	.00	263.72	4583.20	45.83	4640.70	4904.42	USD   	20190528
01410004     	440101	15	Group 15 - FII	27	Standard	15710.91	105.00	.00	.00	.00	1806.75	15545.58	855.01	15815.91	17622.66	USD   	20190528
01410004     	440101	16	Group 16 - NAC	33	Standard Marketing Fund	15710.91	105.00	.00	.00	.00	1806.75	15545.58	155.46	15815.91	17622.66	USD   	20190528
01420002     	321401	7	Group 7 - FII	13	Standard	14350.00	250.00	.00	.00	.00	1148.00	14350.00	861.00	14600.00	15748.00	USD   	20190528
01420002     	321401	7	Group 7 - FII	14	Exempt	14350.00	250.00	.00	.00	.00	1148.00	250.00	.00	14600.00	15748.00	USD   	20190528
01420002     	321401	8	Group 8 - NAC	15	Standard Marketing Fund	14350.00	250.00	.00	.00	.00	1148.00	14350.00	287.00	14600.00	15748.00	USD   	20190528
01420002     	321401	8	Group 8 - NAC	16	Exempt	14350.00	250.00	.00	.00	.00	1148.00	250.00	.00	14600.00	15748.00	USD   	20190528
01620002     	511601	8	Group 8 - FII	15	Standard	3073.26	.00	25.00	.00	.00	399.52	3048.26	182.90	3048.26	3472.78	USD   	20190528
01620002     	511601	8	Group 8 - FII	16	Exempt	349.72	.00	25.00	.00	.00	45.46	25.00	.00	324.72	395.18	USD   	20190528
01620002     	511601	9	Group 9 - NAC	18	Standard Marketing Fund	3073.26	.00	25.00	.00	.00	399.52	3048.26	60.97	3048.26	3472.78	USD   	20190528
01620002     	511601	9	Group 9 - NAC	19	Exempt	349.72	.00	25.00	.00	.00	45.46	25.00	.00	324.72	395.18	USD   	20190528
01720002     	511201	7	Group 7 - FII	13	Standard	8033.64	.00	.00	.00	.00	1044.36	4714.79	282.89	8033.64	9078.00	CAD   	20190528
01720002     	511201	8	Group 8 - NAC	15	Standard Marketing Fund	8033.64	.00	.00	.00	.00	1044.36	4714.79	94.30	8033.64	9078.00	CAD   	20190528
01820002     	110401	7	Group 7 - FII	13	Standard	200.11	.00	.00	.00	.00	14.01	200.11	12.01	200.11	214.12	USD   	20190528
01820002     	110401	8	Group 8 - NAC	15	Standard Marketing Fund	200.11	.00	.00	.00	.00	14.01	200.11	4.00	200.11	214.12	USD   	20190528
01880002     	510401	7	Group 7 - FII	13	Standard	8537.41	.00	45.00	.00	.00	1109.87	8457.41	507.44	8457.41	9647.28	CAD   	20190528
01880002     	510401	7	Group 7 - FII	14	Exempt	812.84	.00	45.00	.00	.00	105.67	45.00	.00	767.84	918.51	CAD   	20190528
01880002     	510401	8	Group 8 - NAC	15	Standard Marketing Fund	8537.41	.00	45.00	.00	.00	1109.87	8457.41	169.15	8457.41	9647.28	CAD   	20190528
01880002     	510401	8	Group 8 - NAC	16	Exempt	812.84	.00	45.00	.00	.00	105.67	45.00	.00	767.84	918.51	CAD   	20190528
01940002     	310301	7	Group 7 - FII	17	Standard	675.00	.00	.00	.00	.00	42.19	675.00	40.50	675.00	717.19	USD   	20190528
01940002     	310301	8	Group 8 - NAC	21	Standard Marketing Fund	675.00	.00	.00	.00	.00	42.19	675.00	13.50	675.00	717.19	USD   	20190528
01970002     	122101	7	Group 7 - FII	15	Standard	3460.00	110.44	10.44	.00	.00	229.22	3560.00	213.60	3560.00	3799.66	USD   	20190528
01970002     	122101	7	Group 7 - FII	16	Exempt	3415.00	10.44	10.44	.00	.00	226.24	10.44	.00	3415.00	3651.68	USD   	20190528
01970002     	122101	8	Group 8 - NAC	18	Standard Marketing Fund	3460.00	110.44	10.44	.00	.00	229.22	3560.00	71.20	3560.00	3799.66	USD   	20190528
01970002     	122101	8	Group 8 - NAC	19	Exempt	3415.00	10.44	10.44	.00	.00	226.24	10.44	.00	3415.00	3651.68	USD   	20190528
02040002     	511301	7	Group 7 - FII	13	Standard	2021.99	.00	60.00	.00	.00	262.88	1961.99	117.72	1961.99	2284.87	CAD   	20190528
02040002     	511301	7	Group 7 - FII	14	Exempt	452.30	.00	60.00	.00	.00	58.81	60.00	.00	392.30	511.11	CAD   	20190528
02040002     	511301	8	Group 8 - NAC	15	Standard Marketing Fund	2021.99	.00	60.00	.00	.00	262.88	1961.99	39.24	1961.99	2284.87	CAD   	20190528
02040002     	511301	8	Group 8 - NAC	16	Exempt	452.30	.00	60.00	.00	.00	58.81	60.00	.00	392.30	511.11	CAD   	20190528
02270002     	40201	7	Group 7 - FII	13	Standard	327.40	1275.00	.00	.00	.00	26.19	202.40	12.14	1602.40	1628.59	USD   	20190528
02270002     	40201	8	Group 8 - NAC	15	Standard Marketing Fund	327.40	1275.00	.00	.00	.00	26.19	202.40	4.05	1602.40	1628.59	USD   	20190528
02490002     	511701	7	Group 7 - FII	13	Standard	4008.10	.00	.00	.00	.00	521.06	3864.10	231.85	4008.10	4529.16	CAD   	20190528
02490002     	511701	7	Group 7 - FII	14	Exempt	1826.83	.00	.00	.00	.00	237.49	144.00	.00	1826.83	2064.32	CAD   	20190528
02490002     	511701	8	Group 8 - NAC	15	Standard Marketing Fund	4008.10	.00	.00	.00	.00	521.06	3864.10	77.28	4008.10	4529.16	CAD   	20190528
02490002     	511701	8	Group 8 - NAC	16	Exempt	1826.83	.00	.00	.00	.00	237.49	144.00	.00	1826.83	2064.32	CAD   	20190528
02570002     	530701	7	Group 7 - FII	13	Standard	2651.96	.00	.00	.00	.00	318.23	2651.96	159.12	2651.96	2970.19	CAD   	20190528
02570002     	530701	8	Group 8 - NAC	15	Standard Marketing Fund	2651.96	.00	.00	.00	.00	318.23	2651.96	53.04	2651.96	2970.19	CAD   	20190528
02680002     	511901	7	Group 7 - FII	13	Standard	15032.16	.00	102.00	.00	122.54	1954.21	14465.55	867.93	15016.70	16986.37	CAD   	20190528
02680002     	511901	7	Group 7 - FII	14	Exempt	1426.84	.00	102.00	.00	.00	185.50	102.00	.00	1288.84	1612.34	CAD   	20190528
02680002     	511901	8	Group 8 - NAC	15	Standard Marketing Fund	15032.16	.00	102.00	.00	122.54	1954.21	14465.55	289.31	15016.70	16986.37	CAD   	20190528
02680002     	511901	8	Group 8 - NAC	16	Exempt	1426.84	.00	102.00	.00	.00	185.50	102.00	.00	1288.84	1612.34	CAD   	20190528
02740002     	16401	7	Group 7 - FII	17	Standard	13797.30	.00	.00	.00	.00	1138.30	13797.30	827.84	13797.30	14935.60	USD   	20190528
02740002     	16401	8	Group 8 - NAC	21	Standard Marketing Fund	13797.30	.00	.00	.00	.00	1138.30	13797.30	275.95	13797.30	14935.60	USD   	20190528
02880002     	381001	7	Group 7 - FII	17	Standard	.00	10929.54	.00	.00	.00	.00	10929.54	655.77	10929.54	10929.54	USD   	20190528
02880002     	381001	8	Group 8 - NAC	21	Standard Marketing Fund	.00	10929.54	.00	.00	.00	.00	10929.54	218.59	10929.54	10929.54	USD   	20190528
02960002     	175601	7	Group 7 - FII	17	Standard	7077.61	.00	.00	.00	.00	495.44	7077.61	424.66	7077.61	7573.05	USD   	20190528
02960002     	175601	8	Group 8 - NAC	21	Standard Marketing Fund	7077.61	.00	.00	.00	.00	495.44	7077.61	141.55	7077.61	7573.05	USD   	20190528
03000002     	910701	8	Group 8 - FII	13	Standard	3082.50	.00	.00	.00	399.00	308.25	3082.50	215.78	3481.50	3390.75	AUD   	20190528
03000002     	910701	9	Group 9 - NAC	15	Standard Marketing Fund	3082.50	.00	.00	.00	399.00	308.25	3082.50	61.65	3481.50	3390.75	AUD   	20190528
03260002     	512401	7	Group 7 - FII	13	Standard	8625.30	.00	.00	.00	.00	1121.29	8625.30	517.52	8625.30	9746.59	CAD   	20190528
03260002     	512401	7	Group 7 - FII	14	Exempt	575.00	.00	.00	.00	.00	74.75	575.00	.00	575.00	649.75	CAD   	20190528
03260002     	512401	8	Group 8 - NAC	15	Standard Marketing Fund	8625.30	.00	.00	.00	.00	1121.29	8625.30	172.51	8625.30	9746.59	CAD   	20190528
03260002     	512401	8	Group 8 - NAC	16	Exempt	575.00	.00	.00	.00	.00	74.75	575.00	.00	575.00	649.75	CAD   	20190528
03280002     	71301	7	Group 7 - FII	17	Standard	25.00	450.00	.00	.00	.00	2.42	-475.00	-28.50	475.00	477.42	USD   	20190528
03280002     	71301	8	Group 8 - NAC	21	Standard Marketing Fund	25.00	450.00	.00	.00	.00	2.42	-475.00	-9.50	475.00	477.42	USD   	20190528
03290002     	512701	7	Group 7 - FII	13	Standard	3643.50	.00	.00	.00	.00	473.65	3643.50	218.61	3643.50	4117.15	CAD   	20190528
03290002     	512701	8	Group 8 - NAC	15	Standard Marketing Fund	3643.50	.00	.00	.00	.00	473.65	3643.50	72.87	3643.50	4117.15	CAD   	20190528
03410003     	910501	9	Group 9 - FII	17	Standard	790.84	.00	.00	.00	.00	79.08	790.84	55.36	790.84	869.92	AUD   	20190528
03410003     	910501	10	Group 10 - NAC	18	Standard Marketing Plan	790.84	.00	.00	.00	.00	79.08	790.84	15.82	790.84	869.92	AUD   	20190528
03420003     	940102	11	Group 11 - FII	19	Standard	1700.50	.00	.00	.00	627.00	85.03	1700.50	59.52	2327.50	1785.53	AED   	20190528
03420003     	940102	12	Group 12 - NAC	29	Standard Marketing Fund	1700.50	.00	.00	.00	627.00	85.03	1700.50	.00	2327.50	1785.53	AED   	20190528
03430002     	321601	7	Group 7 - FII	17	Standard	.00	580.00	.00	.00	.00	.00	580.00	34.80	580.00	580.00	USD   	20190528
03430002     	321601	8	Group 8 - NAC	21	Standard Marketing Fund	.00	580.00	.00	.00	.00	.00	580.00	11.60	580.00	580.00	USD   	20190528
03730002     	103501	7	Group 7 - FII	17	Standard	.00	7358.40	.00	.00	.00	.00	7358.40	441.50	7358.40	7358.40	USD   	20190528
03730002     	103501	8	Group 8 - NAC	21	Standard Marketing Fund	.00	7358.40	.00	.00	.00	.00	7358.40	147.17	7358.40	7358.40	USD   	20190528
03740002     	512501	7	Group 7 - FII	15	Standard	145.00	.00	.00	.00	.00	18.85	145.00	8.70	145.00	163.85	CAD   	20190528
03740002     	512501	8	Group 8 - NAC	18	Standard Marketing Fund	145.00	.00	.00	.00	.00	18.85	145.00	2.90	145.00	163.85	CAD   	20190528
12050002     	68101	7	Group 7 - FII	17	Standard	2663.92	850.00	.00	.00	.00	219.78	3315.92	198.96	3513.92	3733.70	USD   	20190528
12050002     	68101	8	Group 8 - NAC	21	Standard Marketing Fund	2663.92	850.00	.00	.00	.00	219.78	3315.92	66.32	3513.92	3733.70	USD   	20190528
12150002     	910401	7	Group 7 - FII	13	Standard	440.00	.00	.00	.00	.00	44.00	440.00	30.80	440.00	484.00	AUD   	20190528
12150002     	910401	8	Group 8 - NAC	15	Standard Marketing Fund	440.00	.00	.00	.00	.00	44.00	440.00	8.80	440.00	484.00	AUD   	20190528
12170002     	512901	7	Group 7 - FII	13	Standard	536.44	.00	.00	.00	.00	69.74	536.44	16.09	536.44	606.18	CAD   	20190528
12170002     	512901	8	Group 8 - NAC	15	Standard Marketing Fund	536.44	.00	.00	.00	.00	69.74	536.44	5.36	536.44	606.18	CAD   	20190528
12270002     	911501	7	Group 7 - FII	13	Standard	3686.33	.00	.00	.00	.00	368.63	3686.33	258.04	3686.33	4054.96	AUD   	20190528
12270002     	911501	8	Group 8 - NAC	15	Standard Marketing Fund	3686.33	.00	.00	.00	.00	368.63	3686.33	73.73	3686.33	4054.96	AUD   	20190528
12270003     	912001	9	Group 9 - FII	17	Standard	892.81	.00	.00	.00	.00	89.28	892.81	62.50	892.81	982.09	AUD   	20190528
12270003     	912001	10	Group 10 - NAC	18	Standard Marketing Fund	892.81	.00	.00	.00	.00	89.28	892.81	17.86	892.81	982.09	AUD   	20190528
12810002     	912701	7	Group 7 - FII	13	Standard	4283.88	.00	.00	.00	.00	428.39	4283.88	299.87	4283.88	4712.27	AUD   	20190528
12810002     	912701	8	Group 8 - NAC	15	Standard Marketing Fund	4283.88	.00	.00	.00	.00	428.39	4283.88	85.68	4283.88	4712.27	AUD   	20190528
13280002     	541001	7	Group 7 - FII	13	Standard	150.00	.00	.00	.00	.00	7.50	150.00	9.00	150.00	157.50	CAD   	20190528
13280002     	541001	8	Group 8 - NAC	15	Standard Marketing Fund	150.00	.00	.00	.00	.00	7.50	150.00	3.00	150.00	157.50	CAD   	20190528
13510002     	912801	7	Group 7 - FII	13	Standard	231.00	.00	.00	.00	.00	23.10	231.00	16.17	231.00	254.10	AUD   	20190528
13510002     	912801	8	Group 8 - NAC	15	Standard Marketing Fund	231.00	.00	.00	.00	.00	23.10	231.00	4.62	231.00	254.10	AUD   	20190528
14140002     	550401	7	Group 7 - FII	13	Standard	149.97	.00	.00	.00	.00	19.50	149.97	4.50	149.97	169.47	CAD   	20190528
14140002     	550401	8	Group 8 - NAC	15	Standard Marketing Fund	149.97	.00	.00	.00	.00	19.50	149.97	1.50	149.97	169.47	CAD   	20190528
15820002     	512801	7	Group 7 - FII	13	Standard	349.94	.00	.00	.00	.00	45.48	299.94	9.00	349.94	395.42	CAD   	20190528
15820002     	512801	8	Group 8 - NAC	15	Standard Marketing Fund	349.94	.00	.00	.00	.00	45.48	299.94	3.00	349.94	395.42	CAD   	20190528
16030002     	9205001	7	Group 7 - FII	13	Standard	684.73	.00	.00	.00	.00	136.94	684.73	27.39	684.73	821.67	GBP   	20190528
16030002     	9205001	8	Group 8 - NAC	15	Standard Marketing Fund	684.73	.00	.00	.00	.00	136.94	684.73	6.85	684.73	821.67	GBP   	20190528
16660002     	490101	7	Group 7 - FII	17	Standard	87.67	.00	.00	.00	.00	6.14	87.67	2.63	87.67	93.81	USD   	20190528
16660002     	490101	8	Group 8 - NAC	21	Standard Marketing Fund	87.67	.00	.00	.00	.00	6.14	87.67	.88	87.67	93.81	USD   	20190528
16940002     	17901	7	Group 7 - FII	17	Standard	43.00	.00	.00	.00	.00	3.55	43.00	1.29	43.00	46.55	USD   	20190528
16940002     	17901	8	Group 8 - NAC	21	Standard Marketing Fund	43.00	.00	.00	.00	.00	3.55	43.00	.43	43.00	46.55	USD   	20190528
